0.000000 0.000000 0.000000
0.056497 -0.000447 0.007652
0.108428 -0.000105 0.007041
0.161657 0.000004 0.008216
0.214135 -0.000123 0.004718
0.265137 -0.000321 0.002132
0.315237 -0.000623 0.000682
0.365446 -0.001040 0.005827
0.415682 -0.000704 0.004822
0.467266 0.000911 0.005732
0.526632 0.001369 0.008347
0.576855 0.001705 0.009271
0.627726 0.002333 0.012598
0.679925 0.003204 0.010557
0.738117 0.003980 0.014980
0.797413 0.004860 0.015987
0.856868 0.005818 0.017635
0.907011 0.006341 0.016396
0.958537 0.007908 0.025915
1.009473 0.010636 0.038878
1.059746 0.012535 0.040289
1.109786 0.014975 0.042552
1.168912 0.017463 0.042737
1.222384 0.019789 0.042110
EOP
